	0	0	0	0	0	1.061132	0	0
	0.02125	38.241	13.084	0.176	0	1.061128	5.848904783	0.053642182
	0.0425	36.695	30.547	0.875	0	1.061108	13.65534198	0.266686986
	0.06375	34.905	46.451	2.092	0	1.061073	20.76486366	0.637610485
	0.085	35.402	62.379	3.802	0	1.061024	27.88511399	1.158793051
	0.10625	36.597	78.672	6.013	0	1.06096	35.16852928	1.832672966
	0.1275	36.412	95.286	8.74	0	1.060881	42.59544032	2.663822005
	0.14875	37.094	111.916	11.983	0	1.060786	50.0295038	3.652240171
	0.17	38.013	128.968	15.751	0	1.060677	57.65221278	4.800670527
	0.19125	37.914	146.275	20.056	0	1.060551	65.38891372	6.112770497
	0.2125	37.951	163.417	24.898	0	1.06041	73.05185516	7.588540079
	0.23375	38.487	180.804	30.277	0	1.060253	80.82431828	9.227979275
	0.255	38.307	198.235	36.2	0	1.06008	88.6164506	11.03322158
	0.27625	38.12	215.58	42.665	0	1.059891	96.37013858	13.00365742
	0.2975	38.041	232.847	49.669	0	1.059686	104.0889584	15.13837245
	0.31875	38.17	250.146	57.211	0	1.059466	111.8220831	17.43706187
	0.34	38.292	267.504	65.294	0	1.059229	119.5815825	19.90064005
	0.36125	38.407	284.916	73.918	0	1.058977	127.3652213	22.52910698
	0.3825	38.516	302.381	83.086	0	1.058709	135.1725525	25.32337702
	0.40375	38.596	319.893	92.799	0	1.058425	143.0008941	28.28375495
	0.425	38.594	337.418	103.058	0	1.058125	150.8350469	31.41054557
	0.44625	38.585	354.941	113.864	0	1.057809	158.6683058	34.70405364
	0.4675	38.569	372.458	125.215	0	1.057478	166.4988824	38.16366961
	0.48875	38.66	389.977	137.112	0	1.05713	174.3303532	41.78969826
	0.51	38.943	407.602	149.557	0	1.056766	182.2092088	45.58274916
	0.53125	39.053	425.347	162.553	0	1.056387	190.1417076	49.54373667
	0.5525	38.643	442.984	176.101	0	1.055991	198.0259276	53.67296556
	0.57375	38.547	460.464	190.196	0	1.055579	205.8399642	57.96891192
	0.595	38.903	478.055	204.837	0	1.055152	213.7036209	62.43127095
	0.61625	38.723	495.709	220.028	0	1.054708	221.5954403	67.06126181
	0.6375	38.373	513.208	235.767	0	1.054249	229.4179705	71.85827492
	0.65875	38.411	530.637	252.049	0	1.053774	237.2092088	76.82078635
	0.68	38.453	548.087	268.875	0	1.053283	245.0098346	81.94910088
	0.70125	38.487	565.555	286.246	0	1.052776	252.8185069	87.24352332
	0.7225	38.514	583.037	304.161	0	1.052254	260.6334376	92.70374886
	0.74375	38.32	600.49	322.62	0	1.051716	268.4354046	98.32977751
	0.765	38.045	617.819	341.622	0	1.051163	276.1819401	104.1213045
	0.78625	37.763	635.019	361.161	0	1.050594	283.8708091	110.0765011
	0.8075	37.412	652.079	381.234	0	1.050009	291.4970943	116.1944529
	0.82875	36.942	668.937	401.836	0	1.04941	299.03308	122.4736361
	0.85	36.35	685.566	422.96	0	1.048795	306.4666965	128.9119171
	0.87125	35.343	701.8	444.596	0	1.048166	313.7237371	135.5062481
	0.8925	34.303	717.565	466.73	0	1.047523	320.771122	142.2523621
	0.91375	33.163	732.81	489.347	0	1.046866	327.5860527	149.1456873
	0.935	32.127	747.536	512.43	0	1.046195	334.1689763	156.1810424
	0.95625	31.135	761.803	535.965	0	1.045512	340.5467143	163.3541603
	0.9775	30.094	775.595	559.937	0	1.044817	346.7121144	170.6604694
	0.99875	29.935	789.105	584.333	0	1.044109	352.7514528	178.0960073
	1.02	29.175	802.409	609.147	0	1.04339	358.6987036	185.6589454
	1.04125	27.025	815.012	634.366	0	1.042659	364.3325883	193.3453215
	1.0625	19.19	825.31	659.947	0	1.041918	368.9360751	201.1420299
	1.08375	10.804	831.712	685.785	0	1.04117	371.7979437	209.017068
	1.105	4.594	834.59	711.761	0	1.040418	373.0844882	216.9341664
	1.12625	1.544	835.399	737.789	0	1.039665	373.4461332	224.8671137
	1.1475	-2.152	834.957	763.823	0	1.038912	373.2485472	232.8018897
	1.16875	-7.361	832.917	789.818	0	1.03816	372.3366115	240.724779
	1.19	-8.101	828.63	815.707	0	1.037412	370.4202056	248.6153612
	1.21125	-8.22	824.418	841.463	0	1.036668	368.5373268	256.4654069
	1.2325	-8.81	819.973	867.085	0	1.035929	366.5502906	264.2746114
	1.25375	-9.383	815.258	892.564	0	1.035194	364.442557	272.0402316
	1.275	-10.108	810.241	917.891	0	1.034463	362.1998212	279.7595245
	1.29625	-10.823	804.885	943.056	0	1.033738	359.8055431	287.4294422
	1.3175	-12.102	799.157	968.048	0	1.033018	357.2449709	295.0466321
	1.33875	-14.361	792.371	992.846	0	1.032304	354.2114439	302.6046937
	1.36	-13.741	785.365	1017.426	0	1.031597	351.0795709	310.0963121
	1.38125	-13.163	778.637	1041.791	0	1.030896	348.0719714	317.5224017
	1.4025	-12.622	772.17	1065.951	0	1.030201	345.181046	324.8860104
	1.42375	-12.116	765.946	1089.914	0	1.029513	342.3987483	332.1895763
	1.445	-11.641	759.95	1113.686	0	1.02883	339.7183728	339.4349284
	1.46625	-11.195	754.169	1137.276	0	1.028153	337.1341082	346.6248095
	1.4875	-10.783	748.587	1160.688	0	1.027481	334.638802	353.7604389
	1.50875	-10.395	743.19	1183.929	0	1.026815	332.2261958	360.84395
	1.53	-10.029	737.97	1207.006	0	1.026154	329.8927135	367.8774764
	1.55125	-9.684	732.914	1229.922	0	1.025497	327.6325436	374.8619323
	1.5725	-9.357	728.015	1252.683	0	1.024846	325.442557	381.7991466
	1.59375	-9.047	723.264	1275.294	0	1.024199	323.3187304	388.6906431
	1.615	-8.754	718.654	1297.759	0	1.023556	321.2579347	395.537641
	1.63625	-8.476	714.176	1320.083	0	1.022918	319.2561466	402.3416641
	1.6575	-8.213	709.824	1342.27	0	1.022284	317.310684	409.1039317
	1.67875	-7.963	705.591	1364.322	0	1.021654	315.4184175	415.8250533
	1.7	-7.726	701.472	1386.245	0	1.021028	313.5771122	422.5068577
	1.72125	-7.502	697.46	1408.041	0	1.020406	311.7836388	429.1499543
	1.7425	-7.289	693.55	1429.714	0	1.019788	310.0357622	435.7555623
	1.76375	-7.087	689.737	1451.266	0	1.019174	308.3312472	442.3242914
	1.785	-6.897	686.014	1472.701	0	1.018563	306.6669647	448.8573606
	1.80625	-6.718	682.378	1494.022	0	1.017956	305.0415735	455.3556842
	1.8275	-6.554	678.821	1515.231	0	1.017352	303.4514975	461.819872
	1.84875	-6.453	675.329	1536.329	0	1.016752	301.8904783	468.2502286
	1.87	-6.387	671.871	1557.32	0	1.016155	300.344658	474.6479732
	1.89125	-6.322	668.443	1578.203	0	1.015561	298.8122485	481.012801
	1.9125	-6.258	665.046	1598.98	0	1.014971	297.2936969	487.3453215
	1.93375	-6.195	661.678	1619.652	0	1.014384	295.7881091	493.6458397
	1.955	-6.132	658.34	1640.219	0	1.0138	294.2959321	499.9143554
	1.97625	-6.071	655.03	1660.683	0	1.013219	292.8162718	506.1514782
	1.9975	-6.01	651.749	1681.044	0	1.012642	291.3495753	512.3572082
	2.01875	-5.95	648.497	1701.303	0	1.012067	289.8958426	518.53185
	2.04	-5.891	645.271	1721.461	0	1.011496	288.4537327	524.6757086
	2.06125	-5.833	642.074	1741.519	0	1.010928	287.0245865	530.7890887
	2.0825	-5.775	638.903	1761.478	0	1.010363	285.607063	536.872295
	2.10375	-5.718	635.759	1781.338	0	1.009801	284.2016093	542.9253276
	2.125	-5.662	632.641	1801.101	0	1.009241	282.8077783	548.9487961
	2.14625	-5.607	629.549	1820.768	0	1.008685	281.42557	554.9430052
	2.1675	-5.552	626.483	1840.338	0	1.008132	280.0549844	560.9076501
	2.18875	-5.499	623.441	1859.813	0	1.007582	278.6951274	566.8433404
	2.21	-5.445	620.425	1879.194	0	1.007035	277.3468932	572.750381
	2.23125	-5.393	617.434	1898.481	0	1.00649	276.0098346	578.6287717
	2.2525	-5.341	614.466	1917.675	0	1.005948	274.6830577	584.4788174
	2.27375	-5.29	611.523	1936.777	0	1.00541	273.3674564	590.3008229
	2.295	-5.24	608.603	1955.788	0	1.004874	272.0621368	596.095093
	2.31625	-5.19	605.707	1974.709	0	1.00434	270.7675458	601.8619323
	2.3375	-5.141	602.833	1993.539	0	1.00381	269.4827895	607.6010363
	2.35875	-5.092	599.983	2012.28	0	1.003282	268.2087617	613.3130143
	2.38	-5.044	597.155	2030.933	0	1.002757	266.9445686	618.9981713
	2.40125	-4.997	594.349	2049.498	0	1.002234	265.6902101	624.6565072
	2.4225	-4.95	591.565	2067.976	0	1.001715	264.4456862	630.2883267
	2.44375	-4.904	588.802	2086.367	0	1.001198	263.2105498	635.89363
	2.465	-4.859	586.061	2104.673	0	1.000683	261.9852481	641.4730265
	2.48625	-4.814	583.341	2122.894	0	1.000171	260.7693339	647.0265163
	2.5075	-4.769	580.642	2141.03	0	0.999662	259.5628073	652.5540994
	2.52875	-4.726	577.963	2159.082	0	0.999155	258.3652213	658.0560805
	2.55	-4.682	575.305	2177.052	0	0.998651	257.1770228	663.5330692
	2.57125	-4.639	572.667	2194.938	0	0.998149	255.9977649	668.984456
	2.5925	-4.597	570.049	2212.743	0	0.99765	254.8274475	674.4111551
	2.61375	-4.555	567.45	2230.467	0	0.997153	253.6656236	679.8131667
	2.635	-4.514	564.87	2248.11	0	0.996659	252.5122932	685.1904907
	2.65625	-4.473	562.31	2265.673	0	0.996167	251.3679034	690.5434319
	2.6775	-4.433	559.769	2283.156	0	0.995678	250.2320072	695.8719902
	2.69875	-4.393	557.246	2300.56	0	0.99519	249.1041574	701.1764706
	2.72	-4.354	554.742	2317.886	0	0.994706	247.9848011	706.4571777
	2.74125	-4.315	552.256	2335.135	0	0.994223	246.8734913	711.7144163
	2.7625	-4.276	549.788	2352.306	0	0.993743	245.770228	716.9478817
	2.78375	-4.238	547.338	2369.401	0	0.993266	244.6750112	722.1581835
	2.805	-4.201	544.905	2386.419	0	0.99279	243.5873938	727.3450168
	2.82625	-4.164	542.49	2403.362	0	0.992317	242.507823	732.5089912
	2.8475	-4.127	540.092	2420.23	0	0.991846	241.4358516	737.6501067
	2.86875	-4.091	537.71	2437.024	0	0.991378	240.3710326	742.7686681
	2.89	-4.055	535.346	2453.743	0	0.990911	239.3142602	747.8643706
	2.91125	-4.02	532.999	2470.389	0	0.990447	238.2650872	752.9378238
	2.9325	-3.985	530.667	2486.963	0	0.989985	237.2226196	757.9893325
	2.95375	-3.95	528.352	2503.464	0	0.989526	236.1877515	763.0185919
	2.975	-3.916	526.053	2519.893	0	0.989068	235.1600358	768.0259067
	2.99625	-3.882	523.77	2536.25	0	0.988612	234.1394725	773.011277
	3.0175	-3.849	521.503	2552.537	0	0.988159	233.1260617	777.9753124
	3.03875	-3.815	519.251	2568.753	0	0.987708	232.1193563	782.917708
	3.06	-3.783	517.014	2584.899	0	0.987259	231.1193563	787.8387687
	3.08125	-3.75	514.793	2600.976	0	0.986812	230.1265087	792.7387991
	3.1025	-3.718	512.586	2616.984	0	0.986367	229.1399195	797.6177995
	3.12375	-3.687	510.394	2632.924	0	0.985924	228.1600358	802.4760744
	3.145	-3.655	508.217	2648.795	0	0.985483	227.1868574	807.3133191
	3.16625	-3.624	506.055	2664.599	0	0.985044	226.2203844	812.1301432
	3.1875	-3.594	503.907	2680.335	0	0.984608	225.2601699	816.926242
	3.20875	-3.564	501.773	2696.005	0	0.984173	224.3062137	821.7022249
	3.23	-3.534	499.653	2711.609	0	0.98374	223.3585159	826.458092
	3.25125	-3.504	497.547	2727.146	0	0.983309	222.4170764	831.1935386
	3.2725	-3.475	495.454	2742.619	0	0.98288	221.4814484	835.9094788
	3.29375	-3.446	493.376	2758.026	0	0.982453	220.5525257	840.6053033
	3.315	-3.417	491.31	2773.369	0	0.982028	219.6289674	845.2816215
	3.33625	-3.389	489.258	2788.647	0	0.981605	218.7116674	849.9381286
	3.3575	-3.361	487.22	2803.862	0	0.981184	217.8006258	854.5754343
	3.37875	-3.333	485.194	2819.014	0	0.980765	216.8949486	859.1935386
	3.4	-3.305	483.181	2834.103	0	0.980347	215.9950827	863.7924413
	3.42125	-3.278	481.181	2849.129	0	0.979932	215.1010282	868.3721426
	3.4425	-3.251	479.193	2864.093	0	0.979518	214.212338	872.9329473
	3.46375	-3.225	477.218	2878.995	0	0.979106	213.3294591	877.4748552
	3.485	-3.198	475.255	2893.836	0	0.978696	212.4519446	881.9981713
	3.50625	-3.172	473.305	2908.616	0	0.978288	211.5802414	886.5028955
	3.5275	-3.146	471.366	2923.335	0	0.977882	210.7134555	890.9890277
	3.54875	-3.121	469.44	2937.994	0	0.977477	209.852481	895.4568729
	3.57	-3.095	467.525	2952.593	0	0.977074	208.9964238	899.906431
	3.59125	-3.07	465.622	2967.133	0	0.976673	208.1457309	904.3380067
	3.6125	-3.046	463.731	2981.614	0	0.976274	207.3004023	908.7516001
	3.63375	-3.021	461.851	2996.036	0	0.975876	206.4599911	913.1472112
	3.655	-2.997	459.982	3010.399	0	0.975481	205.6244971	917.52484
	3.67625	-2.973	458.125	3024.704	0	0.975087	204.7943675	921.8847912
	3.6975	-2.949	456.279	3038.952	0	0.974694	203.9691551	926.2273697
	3.71875	-2.926	454.444	3053.143	0	0.974303	203.1488601	930.5525754
	3.74	-2.902	452.62	3067.276	0	0.973914	202.3334823	934.8601036
	3.76125	-2.879	450.807	3081.353	0	0.973527	201.5230219	939.1505639
	3.7825	-2.856	449.004	3095.373	0	0.973141	200.7170317	943.4236513
	3.80375	-2.834	447.212	3109.337	0	0.972757	199.9159589	947.6796708
	3.825	-2.811	445.43	3123.246	0	0.972375	199.1193563	951.9189272
	3.84625	-2.789	443.659	3137.099	0	0.971994	198.327671	956.1411155
	3.8675	-2.767	441.898	3150.898	0	0.971615	197.540456	960.3468455
	3.88875	-2.745	440.148	3164.641	0	0.971238	196.7581582	964.5355075
	3.91	-2.724	438.407	3178.33	0	0.970862	195.9798838	968.7077111
	3.93125	-2.703	436.676	3191.966	0	0.970488	195.2060796	972.863761
	3.9525	-2.681	434.956	3205.547	0	0.970115	194.4371927	977.0030479
	3.97375	-2.66	433.245	3219.075	0	0.969744	193.672329	981.126181
	3.995	-2.64	431.544	3232.549	0	0.969374	192.9119356	985.2328558
	4.01625	-2.619	429.852	3245.971	0	0.969006	192.1555655	989.3236818
	4.0375	-2.599	428.17	3259.341	0	0.96864	191.4036656	993.3986589
	4.05875	-2.579	426.497	3272.658	0	0.968275	190.655789	997.4574825
	4.08	-2.559	424.834	3285.923	0	0.967912	189.9123827	1001.500457
	4.10125	-2.539	423.18	3299.136	0	0.96755	189.1729996	1005.527583
	4.1225	-2.52	421.535	3312.298	0	0.96719	188.4376397	1009.539165
	4.14375	-2.5	419.899	3325.409	0	0.966831	187.7063031	1013.535203
	4.165	-2.481	418.272	3338.469	0	0.966473	186.9789897	1017.515696
	4.18625	-2.462	416.654	3351.478	0	0.966118	186.2556996	1021.480646
	4.2075	-2.443	415.045	3364.437	0	0.965763	185.5364327	1025.430357
	4.22875	-2.424	413.445	3377.346	0	0.96541	184.8211891	1029.364828
	4.25	-2.406	411.853	3390.206	0	0.965059	184.1095217	1033.284365
	4.27125	-2.388	410.27	3403.016	0	0.964709	183.4018775	1037.188662
	4.2925	-2.369	408.695	3415.777	0	0.96436	182.6978096	1041.078025
	4.31375	-2.352	407.129	3428.488	0	0.964013	181.9977649	1044.952149
	4.335	-2.334	405.571	3441.151	0	0.963667	181.3012964	1048.811643
	4.35625	-2.316	404.021	3453.766	0	0.963323	180.6084041	1052.656507
	4.3775	-2.299	402.48	3466.333	0	0.96298	179.9195351	1056.486742
	4.39875	-2.281	400.947	3478.851	0	0.962639	179.2342423	1060.302042
	4.42	-2.264	399.421	3491.322	0	0.962299	178.5520787	1064.103017
	4.44125	-2.247	397.904	3503.746	0	0.96196	177.8739383	1067.889668
	4.4625	-2.23	396.395	3516.122	0	0.961623	177.1993742	1071.661689
	4.48375	-2.213	394.893	3528.452	0	0.961287	176.5279392	1075.419689
	4.505	-2.197	393.399	3540.735	0	0.960952	175.8600805	1079.163365
	4.52625	-2.18	391.913	3552.971	0	0.960619	175.1957979	1082.892716
	4.5475	-2.164	390.434	3565.161	0	0.960287	174.5346446	1086.608046
	4.56875	-2.148	388.963	3577.305	0	0.959956	173.8770675	1090.309357
	4.59	-2.132	387.5	3589.404	0	0.959627	173.2230666	1093.996952
	4.61125	-2.116	386.044	3601.457	0	0.959299	172.5721949	1097.670527
	4.6325	-2.1	384.595	3613.465	0	0.958973	171.9244524	1101.330387
	4.65375	-2.085	383.154	3625.428	0	0.958648	171.2802861	1104.976532
	4.675	-2.069	381.719	3637.345	0	0.958324	170.638802	1108.608656
	4.69625	-2.054	380.292	3649.219	0	0.958001	170.0008941	1112.227674
	4.7175	-2.039	378.872	3661.048	0	0.957679	169.3661153	1115.832978
	4.73875	-2.024	377.46	3672.833	0	0.957359	168.7349128	1119.42487
	4.76	-2.009	376.054	3684.574	0	0.957041	168.1063925	1123.003353
	4.78125	-1.994	374.655	3696.271	0	0.956723	167.4810013	1126.568424
	4.8025	-1.98	373.262	3707.925	0	0.956407	166.8582924	1130.12039
	4.82375	-1.965	371.877	3719.535	0	0.956092	166.2391596	1133.658945
	4.845	-1.951	370.498	3731.102	0	0.955778	165.622709	1137.184395
	4.86625	-1.937	369.126	3742.627	0	0.955465	165.0093876	1140.697044
	4.8875	-1.922	367.761	3754.109	0	0.955154	164.3991954	1144.196586
	4.90875	-1.908	366.402	3765.548	0	0.954844	163.7916853	1147.683023
	4.93	-1.894	365.05	3776.946	0	0.954535	163.1873044	1151.156964
	4.95125	-1.881	363.704	3788.301	0	0.954227	162.5856057	1154.617799
	4.9725	-1.867	362.365	3799.614	0	0.953921	161.9870362	1158.065834
	4.99375	-1.853	361.032	3810.886	0	0.953616	161.3911489	1161.501372
	5.015	-1.84	359.705	3822.116	0	0.953312	160.7979437	1164.924109
	5.03625	-1.827	358.384	3833.305	0	0.953009	160.2074207	1168.334349
	5.0575	-1.813	357.07	3844.453	0	0.952707	159.6200268	1171.732094
	5.07875	-1.8	355.762	3855.56	0	0.952407	159.0353152	1175.117342
	5.1	-1.787	354.46	3866.626	0	0.952107	158.4532857	1178.490094
	5.12125	-1.774	353.163	3877.652	0	0.951809	157.8734913	1181.850655
	5.1425	-1.762	351.873	3888.638	0	0.951512	157.2968261	1185.199025
	5.16375	-1.749	350.589	3899.583	0	0.951216	156.7228431	1188.534898
	5.185	-1.736	349.311	3910.489	0	0.950922	156.1515422	1191.858884
	5.20625	-1.724	348.038	3921.355	0	0.950628	155.5824765	1195.17068
	5.2275	-1.711	346.772	3932.181	0	0.950336	155.01654	1198.470283
	5.24875	-1.699	345.511	3942.968	0	0.950044	154.4528386	1201.758001
	5.27	-1.687	344.256	3953.716	0	0.949754	153.8918194	1205.033831
	5.29125	-1.675	343.006	3964.424	0	0.949465	153.3330353	1208.29747
	5.3125	-1.663	341.762	3975.094	0	0.949177	152.7769334	1211.549528
	5.33375	-1.651	340.524	3985.725	0	0.948891	152.2235136	1214.789698
	5.355	-1.639	339.291	3996.318	0	0.948605	151.672329	1218.018287
	5.37625	-1.628	338.063	4006.872	0	0.94832	151.1233795	1221.234989
	5.3975	-1.616	336.841	4017.388	0	0.948037	150.5771122	1224.44011
	5.41875	-1.605	335.625	4027.867	0	0.947754	150.033527	1227.633953
	5.44	-1.593	334.414	4038.307	0	0.947473	149.492177	1230.81591
	5.46125	-1.582	333.208	4048.71	0	0.947193	148.9530621	1233.986589
	5.4825	-1.571	332.007	4059.075	0	0.946914	148.4161824	1237.145687
	5.50375	-1.559	330.811	4069.402	0	0.946636	147.8815378	1240.293203
	5.525	-1.548	329.621	4079.693	0	0.946359	147.3495753	1243.429747
	5.54625	-1.537	328.436	4089.947	0	0.946083	146.819848	1246.555014
	5.5675	-1.527	327.256	4100.163	0	0.945808	146.2923558	1249.668699
	5.58875	-1.516	326.081	4110.344	0	0.945534	145.7670988	1252.771716
	5.61	-1.505	324.911	4120.487	0	0.945261	145.2440769	1255.863151
	5.63125	-1.494	323.745	4130.594	0	0.944989	144.7228431	1258.943615
	5.6525	-1.484	322.585	4140.665	0	0.944718	144.2042915	1262.013106
	5.67375	-1.473	321.43	4150.7	0	0.944449	143.687975	1265.071625
	5.695	-1.463	320.28	4160.699	0	0.94418	143.1738936	1268.119171
	5.71625	-1.453	319.134	4170.662	0	0.943912	142.6616004	1271.155745
	5.7375	-1.443	317.993	4180.589	0	0.943646	142.1515422	1274.181347
	5.75875	-1.432	316.857	4190.482	0	0.94338	141.6437193	1277.196586
	5.78	-1.422	315.726	4200.338	0	0.943115	141.1381314	1280.200549
	5.80125	-1.412	314.599	4210.16	0	0.942852	140.6343317	1283.194148
	5.8225	-1.402	313.477	4219.946	0	0.942589	140.1327671	1286.176775
	5.84375	-1.393	312.36	4229.698	0	0.942327	139.6334376	1289.14904
	5.865	-1.383	311.247	4239.415	0	0.942067	139.1358963	1292.110637
	5.88625	-1.373	310.138	4249.097	0	0.941807	138.640143	1295.061567
	5.9075	-1.364	309.035	4258.745	0	0.941548	138.147072	1298.002133
	5.92875	-1.354	307.935	4268.358	0	0.941291	137.655342	1300.932033
	5.95	-1.345	306.84	4277.937	0	0.941034	137.1658471	1303.85157
	5.97125	-1.335	305.75	4287.482	0	0.940778	136.6785874	1306.760744
	5.9925	-1.326	304.663	4296.994	0	0.940523	136.1926688	1309.65986
	6.01375	-1.317	303.582	4306.471	0	0.940269	135.7094323	1312.548308
	6.035	-1.307	302.504	4315.915	0	0.940016	135.2275369	1315.426699
	6.05625	-1.298	301.431	4325.325	0	0.939764	134.7478766	1318.294727
	6.0775	-1.289	300.362	4334.702	0	0.939513	134.2700045	1321.152697
	6.09875	-1.28	299.297	4344.046	0	0.939263	133.7939204	1324.00061
	6.12	-1.271	298.236	4353.357	0	0.939014	133.3196245	1326.838464
	6.14125	-1.262	297.179	4362.634	0	0.938766	132.8471167	1329.665956
	6.1625	-1.254	296.127	4371.879	0	0.938519	132.376844	1332.483694
	6.18375	-1.245	295.078	4381.091	0	0.938272	131.9079124	1335.291375
	6.205	-1.236	294.034	4390.27	0	0.938027	131.4412159	1338.088997
	6.22625	-1.228	292.994	4399.417	0	0.937782	130.9763076	1340.876867
	6.2475	-1.219	291.957	4408.532	0	0.937539	130.5127403	1343.654983
	6.26875	-1.211	290.925	4417.614	0	0.937296	130.0514081	1346.423042
	6.29	-1.202	289.897	4426.664	0	0.937054	129.5918641	1349.181347
	6.31125	-1.194	288.872	4435.682	0	0.936813	129.1336612	1351.929899
	6.3325	-1.186	287.851	4444.669	0	0.936573	128.6772463	1354.669003
	6.35375	-1.178	286.834	4453.623	0	0.936334	128.2226196	1357.398049
	6.375	-1.169	285.821	4462.546	0	0.936096	127.769781	1360.117647
	6.39625	-1.161	284.812	4471.437	0	0.935859	127.3187304	1362.827492
	6.4175	-1.153	283.807	4480.298	0	0.935622	126.869468	1365.528193
	6.43875	-1.145	282.805	4489.126	0	0.935387	126.4215467	1368.218836
	6.46	-1.137	281.807	4497.924	0	0.935152	125.9754135	1370.900335
	6.48125	-1.129	280.813	4506.69	0	0.934918	125.5310684	1373.572082
	6.5025	-1.122	279.822	4515.426	0	0.934685	125.0880644	1376.234685
	6.52375	-1.114	278.835	4524.131	0	0.934453	124.6468485	1378.887839
	6.545	-1.106	277.851	4532.805	0	0.934222	124.2069736	1381.531545
	6.56625	-1.099	276.871	4541.449	0	0.933992	123.7688869	1384.166108
	6.5875	-1.091	275.895	4550.062	0	0.933762	123.3325883	1386.791222
	6.60875	-1.083	274.922	4558.644	0	0.933533	122.8976308	1389.406888
	6.63	-1.076	273.953	4567.197	0	0.933306	122.4644613	1392.013715
	6.65125	-1.068	272.987	4575.719	0	0.933079	122.032633	1394.611094
	6.6725	-1.061	272.025	4584.211	0	0.932853	121.6025928	1397.199329
	6.69375	-1.054	271.066	4592.673	0	0.932627	121.1738936	1399.778421
	6.715	-1.046	270.11	4601.106	0	0.932403	120.7465355	1402.348674
	6.73625	-1.039	269.158	4609.509	0	0.932179	120.3209656	1404.909784
	6.7575	-1.032	268.209	4617.882	0	0.931957	119.8967367	1407.461749
	6.77875	-1.025	267.264	4626.225	0	0.931735	119.4742959	1410.004572
	6.8	-1.018	266.322	4634.539	0	0.931513	119.0531962	1412.538555
	6.82125	-1.011	265.383	4642.824	0	0.931293	118.6334376	1415.0637
	6.8425	-1.004	264.447	4651.08	0	0.931074	118.2150201	1417.580006
	6.86375	-0.997	263.515	4659.306	0	0.930855	117.7983907	1420.087169
	6.885	-0.99	262.585	4667.504	0	0.930637	117.3826553	1422.585797
	6.90625	-0.983	261.659	4675.673	0	0.93042	116.9687081	1425.075587
	6.9275	-0.976	260.737	4683.812	0	0.930204	116.5565489	1427.556233
	6.94875	-0.97	259.817	4691.924	0	0.929988	116.1452839	1430.02865
	6.97	-0.963	258.9	4700.006	0	0.929774	115.7353599	1432.491923
	6.99125	-0.956	257.987	4708.06	0	0.92956	115.327224	1434.946663
	7.0125	-0.95	257.077	4716.086	0	0.929347	114.9204291	1437.392868
	7.03375	-0.943	256.169	4724.083	0	0.929135	114.5145284	1439.830235
	7.055	-0.937	255.265	4732.052	0	0.928923	114.1104157	1442.259067
	7.07625	-0.93	254.364	4739.993	0	0.928712	113.7076442	1444.679366
	7.0975	-0.924	253.466	4747.906	0	0.928502	113.3062137	1447.091131
	7.11875	-0.917	252.571	4755.79	0	0.928293	112.9061243	1449.494057
	7.14	-0.911	251.678	4763.648	0	0.928085	112.5069289	1451.889058
	7.16125	-0.905	250.789	4771.477	0	0.927877	112.1095217	1454.275221
	7.1825	-0.899	249.903	4779.278	0	0.92767	111.7134555	1456.65285
	7.20375	-0.892	249.019	4787.052	0	0.927464	111.3182834	1459.022249
	7.225	-0.886	248.139	4794.799	0	0.927259	110.9248994	1461.38342
	7.24625	-0.88	247.261	4802.518	0	0.927055	110.5324095	1463.736056
	7.2675	-0.874	246.386	4810.21	0	0.926851	110.1412606	1466.080463
	7.28875	-0.868	245.514	4817.875	0	0.926648	109.7514528	1468.416641
	7.31	-0.862	244.645	4825.512	0	0.926446	109.3629861	1470.744285
	7.33125	-0.856	243.778	4833.123	0	0.926244	108.9754135	1473.064005
	7.3525	-0.85	242.915	4840.706	0	0.926043	108.589629	1475.37519
	7.37375	-0.844	242.054	4848.263	0	0.925843	108.2047385	1477.678452
	7.395	-0.838	241.195	4855.793	0	0.925644	107.8207421	1479.973484
	7.41625	-0.833	240.34	4863.296	0	0.925445	107.4385338	1482.260286
	7.4375	-0.827	239.487	4870.772	0	0.925248	107.0572195	1484.53886
	7.45875	-0.821	238.637	4878.222	0	0.92505	106.6772463	1486.809509
	7.48	-0.815	237.79	4885.646	0	0.924854	106.2986142	1489.072234
	7.50125	-0.81	236.945	4893.043	0	0.924658	105.9208762	1491.32673
	7.5225	-0.804	236.103	4900.414	0	0.924464	105.5444792	1493.573301
	7.54375	-0.798	235.263	4907.758	0	0.924269	105.1689763	1495.811643
	7.565	-0.793	234.426	4915.077	0	0.924076	104.7948145	1498.042365
	7.58625	-0.787	233.592	4922.37	0	0.923883	104.4219937	1500.265163
	7.6075	-0.782	232.76	4929.636	0	0.923691	104.0500671	1502.479732
	7.62875	-0.777	231.93	4936.877	0	0.9235	103.6790344	1504.686681
	7.65	-0.771	231.104	4944.092	0	0.923309	103.3097899	1506.885706
	7.67125	-0.766	230.279	4951.281	0	0.92312	102.9409924	1509.076806
	7.6925	-0.76	229.458	4958.444	0	0.92293	102.573983	1511.259982
	7.71375	-0.755	228.638	4965.582	0	0.922742	102.2074207	1513.435538
	7.735	-0.75	227.821	4972.694	0	0.922554	101.8421994	1515.60317
	7.75625	-0.745	227.007	4979.781	0	0.922367	101.4783192	1517.763182
	7.7775	-0.739	226.195	4986.843	0	0.922181	101.115333	1519.915575
	7.79875	-0.734	225.385	4993.879	0	0.921995	100.7532409	1522.060043
	7.82	-0.729	224.578	5000.891	0	0.92181	100.3924899	1524.197196
	7.84125	-0.724	223.773	5007.877	0	0.921626	100.032633	1526.326425
	7.8625	-0.719	222.971	5014.838	0	0.921442	99.67411712	1528.448034
	7.88375	-0.714	222.171	5021.774	0	0.921259	99.31649531	1530.562024
	7.905	-0.709	221.373	5028.685	0	0.921077	98.95976755	1532.668394
	7.92625	-0.704	220.578	5035.571	0	0.920896	98.60438087	1534.767144
	7.9475	-0.699	219.785	5042.433	0	0.920715	98.24988824	1536.85858
	7.96875	-0.694	218.994	5049.27	0	0.920535	97.89628967	1538.942396
	7.99	-0.689	218.205	5056.082	0	0.920355	97.54358516	1541.018592
	8.01125	-0.685	217.419	5062.87	0	0.920176	97.19222173	1543.087473
	8.0325	-0.68	216.635	5069.633	0	0.919998	96.84175235	1545.148735
	8.05375	-0.675	215.853	5076.372	0	0.919821	96.49217702	1547.202682
	8.075	-0.67	215.074	5083.087	0	0.919644	96.14394278	1549.249314
	8.09625	-0.665	214.296	5089.777	0	0.919468	95.79615557	1551.288327
	8.1175	-0.661	213.521	5096.443	0	0.919292	95.44970943	1553.320024
	8.13875	-0.656	212.748	5103.085	0	0.919117	95.10415735	1555.344407
	8.16	-0.652	211.977	5109.703	0	0.918943	94.75949933	1557.361475
	8.18125	-0.647	211.208	5116.297	0	0.91877	94.41573536	1559.371228
	8.2025	-0.642	210.442	5122.867	0	0.918597	94.07331247	1561.373667
	8.22375	-0.638	209.677	5129.413	0	0.918424	93.73133661	1563.36879
	8.245	-0.633	208.915	5135.935	0	0.918253	93.39070183	1565.356599
	8.26625	-0.629	208.155	5142.434	0	0.918082	93.05096111	1567.337397
	8.2875	-0.624	207.397	5148.909	0	0.917912	92.71211444	1569.310881
	8.30875	-0.62	206.64	5155.36	0	0.917742	92.3737148	1571.27705
	8.33	-0.616	205.886	5161.788	0	0.917573	92.03665624	1573.236208
	8.35125	-0.611	205.134	5168.192	0	0.917405	91.70049173	1575.188052
	8.3725	-0.607	204.384	5174.573	0	0.917237	91.36522128	1577.132886
	8.39375	-0.603	203.637	5180.931	0	0.91707	91.03129191	1579.07071
	8.415	-0.598	202.891	5187.265	0	0.916904	90.69780957	1581.001219
	8.43625	-0.594	202.147	5193.577	0	0.916738	90.36522128	1582.925023
	8.4575	-0.59	201.405	5199.865	0	0.916573	90.03352705	1584.841512
	8.47875	-0.586	200.665	5206.129	0	0.916408	89.70272687	1586.750686
	8.5	-0.581	199.927	5212.371	0	0.916244	89.37282074	1588.653155
	8.52125	-0.577	199.19	5218.59	0	0.916081	89.04336165	1590.548613
	8.5425	-0.573	198.456	5224.786	0	0.915918	88.71524363	1592.437062
	8.56375	-0.569	197.724	5230.959	0	0.915756	88.38801967	1594.3185
	8.585	-0.565	196.994	5237.11	0	0.915595	88.06168976	1596.193234
	8.60625	-0.561	196.265	5243.237	0	0.915434	87.73580688	1598.060652
	8.6275	-0.557	195.539	5249.342	0	0.915274	87.41126509	1599.921365
	8.64875	-0.553	194.814	5255.425	0	0.915114	87.08717032	1601.775373
	8.67	-0.549	194.091	5261.484	0	0.914955	86.7639696	1603.622066
	8.69125	-0.545	193.37	5267.522	0	0.914797	86.44166294	1605.462359
	8.7125	-0.541	192.651	5273.536	0	0.914639	86.12025034	1607.295337
	8.73375	-0.537	191.934	5279.529	0	0.914482	85.79973178	1609.121914
	8.755	-0.533	191.218	5285.499	0	0.914326	85.47966026	1610.941481
	8.77625	-0.529	190.505	5291.447	0	0.91417	85.16092982	1612.754343
	8.7975	-0.525	189.793	5297.373	0	0.914014	84.8426464	1614.5605
	8.81875	-0.522	189.083	5303.276	0	0.91386	84.52525704	1616.359646
	8.84	-0.518	188.374	5309.157	0	0.913705	84.20831471	1618.152088
	8.86125	-0.514	187.668	5315.017	0	0.913552	83.89271346	1619.938129
	8.8825	-0.51	186.963	5320.854	0	0.913399	83.57755923	1621.717159
	8.90375	-0.507	186.26	5326.669	0	0.913247	83.26329906	1623.489485
	8.925	-0.503	185.558	5332.463	0	0.913095	82.94948592	1625.25541
	8.94625	-0.499	184.859	5338.235	0	0.912944	82.63701386	1627.01463
	8.9675	-0.496	184.161	5343.985	0	0.912793	82.32498882	1628.767144
	8.98875	-0.492	183.464	5349.713	0	0.912643	82.01341082	1630.512953
	9.01	-0.488	182.77	5355.419	0	0.912494	81.70317389	1632.252057
	9.03125	-0.485	182.077	5361.104	0	0.912345	81.393384	1633.984761
	9.0525	-0.481	181.386	5366.767	0	0.912197	81.08448815	1635.710759
	9.07375	-0.478	180.696	5372.409	0	0.912049	80.77603934	1637.430357
	9.095	-0.474	180.008	5378.03	0	0.911902	80.46848458	1639.143554
	9.11625	-0.471	179.322	5383.629	0	0.911756	80.16182387	1640.850046
	9.1375	-0.467	178.637	5389.206	0	0.91161	79.85561019	1642.549832
	9.15875	-0.464	177.954	5394.762	0	0.911465	79.55029057	1644.243219
	9.18	-0.46	177.273	5400.297	0	0.91132	79.245865	1645.930204
	9.20125	-0.457	176.593	5405.811	0	0.911176	78.94188646	1647.610789
	9.2225	-0.453	175.915	5411.304	0	0.911032	78.63880197	1649.284974
	9.24375	-0.45	175.238	5416.775	0	0.910889	78.33616451	1650.952454
	9.265	-0.447	174.563	5422.226	0	0.910747	78.0344211	1652.613837
	9.28625	-0.443	173.89	5427.655	0	0.910605	77.73357175	1654.268516
	9.3075	-0.44	173.218	5433.064	0	0.910463	77.43316942	1655.917098
	9.32875	-0.437	172.547	5438.451	0	0.910323	77.13321413	1657.558976
	9.35	-0.433	171.878	5443.818	0	0.910182	76.83415288	1659.194758
	9.37125	-0.43	171.211	5449.164	0	0.910043	76.5359857	1660.824139
	9.3925	-0.427	170.545	5454.489	0	0.909904	76.23826553	1662.44712
	9.41375	-0.424	169.881	5459.793	0	0.909765	75.94143943	1664.0637
	9.435	-0.421	169.218	5465.077	0	0.909627	75.64506035	1665.674185
	9.45625	-0.417	168.556	5470.34	0	0.90949	75.3491283	1667.278269
	9.4775	-0.414	167.896	5475.582	0	0.909353	75.0540903	1668.875952
	9.49875	-0.411	167.238	5480.804	0	0.909216	74.75994636	1670.46754
	9.52	-0.408	166.581	5486.006	0	0.909081	74.46624944	1672.053033
	9.54125	-0.405	165.926	5491.187	0	0.908946	74.17344658	1673.632124
	9.5625	-0.402	165.271	5496.347	0	0.908811	73.88064372	1675.204816
	9.58375	-0.399	164.619	5501.487	0	0.908677	73.58918194	1676.771411
	9.605	-0.396	163.968	5506.607	0	0.908543	73.29816719	1678.331911
	9.62625	-0.393	163.318	5511.707	0	0.90841	73.00759946	1679.886315
	9.6475	-0.39	162.669	5516.786	0	0.908278	72.71747877	1681.434319
	9.66875	-0.387	162.022	5521.845	0	0.908146	72.42825212	1682.976227
	9.69	-0.384	161.377	5526.884	0	0.908014	72.13991954	1684.512039
	9.71125	-0.381	160.732	5531.903	0	0.907883	71.85158695	1686.041756
	9.7325	-0.378	160.09	5536.902	0	0.907753	71.56459544	1687.565376
	9.75375	-0.375	159.448	5541.881	0	0.907623	71.27760393	1689.082902
	9.775	-0.372	158.808	5546.84	0	0.907494	70.99150648	1690.594331
	9.79625	-0.369	158.169	5551.779	0	0.907365	70.70585606	1692.099665
	9.8175	-0.366	157.532	5556.698	0	0.907237	70.42109969	1693.598903
	9.83875	-0.363	156.896	5561.597	0	0.907109	70.13679034	1695.092045
	9.86	-0.36	156.261	5566.477	0	0.906982	69.85292803	1696.579397
	9.88125	-0.358	155.627	5571.336	0	0.906856	69.56951274	1698.060347
	9.9025	-0.355	154.995	5576.176	0	0.90673	69.28699151	1699.535507
	9.92375	-0.352	154.364	5580.997	0	0.906604	69.0049173	1701.004877
	9.945	-0.349	153.735	5585.797	0	0.906479	68.72373715	1702.467845
	9.96625	-0.347	153.107	5590.578	0	0.906354	68.44300402	1703.925023
	9.9875	-0.344	152.48	5595.34	0	0.906231	68.16271793	1705.37641
	10.00875	-0.341	151.854	5600.082	0	0.906107	67.88287886	1706.821701
	10.03	-0.338	151.229	5604.804	0	0.905984	67.60348681	1708.260896
	10.05125	-0.336	150.606	5609.507	0	0.905862	67.32498882	1709.694301
	10.0725	-0.333	149.984	5614.191	0	0.90574	67.04693786	1711.121914
	10.09375	-0.33	149.364	5618.855	0	0.905618	66.76978096	1712.543432
	10.115	-0.328	148.744	5623.5	0	0.905498	66.49262405	1713.959159
	10.13625	-0.325	148.126	5628.126	0	0.905377	66.2163612	1715.369095
	10.1575	-0.322	147.509	5632.732	0	0.905257	65.94054537	1716.772935
	10.17875	-0.32	146.893	5637.319	0	0.905138	65.66517658	1718.170984
	10.2	-0.317	146.279	5641.887	0	0.905019	65.39070183	1719.563243
	10.22125	-0.315	145.665	5646.436	0	0.904901	65.11622709	1720.94971
	10.2425	-0.312	145.053	5650.966	0	0.904783	64.8426464	1722.330387
	10.26375	-0.31	144.442	5655.477	0	0.904666	64.56951274	1723.705273
	10.285	-0.307	143.832	5659.968	0	0.904549	64.29682611	1725.074063
	10.30625	-0.305	143.223	5664.441	0	0.904433	64.0245865	1726.437367
	10.3275	-0.302	142.616	5668.895	0	0.904317	63.75324095	1727.79488
	10.34875	-0.3	142.01	5673.33	0	0.904202	63.48234242	1729.146602
	10.37	-0.297	141.404	5677.746	0	0.904087	63.2114439	1730.492533
	10.39125	-0.295	140.8	5682.143	0	0.903973	62.94143943	1731.832673
	10.4125	-0.292	140.197	5686.521	0	0.903859	62.67188198	1733.167022
	10.43375	-0.29	139.596	5690.881	0	0.903745	62.4032186	1734.495885
	10.455	-0.287	138.995	5695.222	0	0.903633	62.13455521	1735.818958
	10.47625	-0.285	138.395	5699.544	0	0.90352	61.86633885	1737.136239
	10.4975	-0.283	137.797	5703.847	0	0.903409	61.59901654	1738.447729
	10.51875	-0.28	137.2	5708.132	0	0.903297	61.33214126	1739.753734
	10.54	-0.278	136.603	5712.398	0	0.903186	61.06526598	1741.053947
	10.56125	-0.276	136.008	5716.646	0	0.903076	60.79928476	1742.348674
	10.5825	-0.273	135.414	5720.875	0	0.902966	60.53375056	1743.63761
	10.60375	-0.271	134.821	5725.085	0	0.902857	60.26866339	1744.920756
	10.625	-0.269	134.229	5729.278	0	0.902748	60.00402325	1746.19872
	10.64625	-0.267	133.638	5733.451	0	0.90264	59.73983013	1747.470588
	10.6675	-0.264	133.048	5737.607	0	0.902532	59.47608404	1748.737275
	10.68875	-0.262	132.46	5741.744	0	0.902425	59.21323201	1749.998171
	10.71	-0.26	131.872	5745.862	0	0.902318	58.95037997	1751.253276
	10.73125	-0.258	131.285	5749.963	0	0.902211	58.68797497	1752.5032
	10.7525	-0.255	130.7	5754.045	0	0.902105	58.42646401	1753.747333
	10.77375	-0.253	130.115	5758.108	0	0.902	58.16495306	1754.985675
	10.795	-0.251	129.531	5762.154	0	0.901895	57.90388914	1756.218836
	10.81625	-0.249	128.949	5766.181	0	0.901791	57.64371927	1757.446205
	10.8375	-0.247	128.367	5770.191	0	0.901687	57.3835494	1758.668394
	10.85875	-0.244	127.787	5774.182	0	0.901583	57.12427358	1759.884791
	10.88	-0.242	127.207	5778.155	0	0.90148	56.86499776	1761.095703
	10.90125	-0.24	126.628	5782.11	0	0.901377	56.60616898	1762.301128
	10.9225	-0.238	126.051	5786.047	0	0.901275	56.34823424	1763.501067
	10.94375	-0.236	125.474	5789.966	0	0.901174	56.09029951	1764.69552
	10.965	-0.234	124.899	5793.867	0	0.901073	55.83325883	1765.884486
	10.98625	-0.232	124.324	5797.751	0	0.900972	55.57621815	1767.068272
	11.0075	-0.23	123.75	5801.616	0	0.900872	55.3196245	1768.246266
	11.02875	-0.228	123.177	5805.463	0	0.900772	55.06347787	1769.418775
	11.05	-0.226	122.606	5809.293	0	0.900673	54.8082253	1770.586102
	11.07125	-0.224	122.035	5813.105	0	0.900574	54.55297273	1771.747943
	11.0925	-0.222	121.465	5816.899	0	0.900476	54.29816719	1772.904297
	11.11375	-0.22	120.896	5820.675	0	0.900378	54.04380867	1774.055166
	11.135	-0.218	120.328	5824.433	0	0.90028	53.78989718	1775.200549
	11.15625	-0.216	119.76	5828.174	0	0.900184	53.5359857	1776.34075
	11.1775	-0.214	119.194	5831.898	0	0.900087	53.28296826	1777.47577
	11.19875	-0.212	118.629	5835.603	0	0.899991	53.03039785	1778.604998
	11.22	-0.21	118.064	5839.291	0	0.899896	52.77782745	1779.729046
	11.24125	-0.208	117.501	5842.961	0	0.899801	52.5261511	1780.847607
	11.2625	-0.206	116.938	5846.614	0	0.899706	52.27447474	1781.960988
	11.28375	-0.204	116.377	5850.25	0	0.899612	52.02369245	1783.069186
	11.305	-0.202	115.816	5853.867	0	0.899518	51.77291015	1784.171594
	11.32625	-0.2	115.256	5857.468	0	0.899425	51.52257488	1785.269125
	11.3475	-0.199	114.697	5861.051	0	0.899332	51.27268663	1786.36117
	11.36875	-0.197	114.138	5864.616	0	0.89924	51.02279839	1787.447729
	11.39	-0.195	113.581	5868.164	0	0.899148	50.7738042	1788.529107
	11.41125	-0.193	113.024	5871.695	0	0.899057	50.52481001	1789.605303
	11.4325	-0.191	112.469	5875.208	0	0.898966	50.27670988	1790.676013
	11.45375	-0.189	111.914	5878.704	0	0.898875	50.02860975	1791.741542
	11.475	-0.188	111.36	5882.183	0	0.898785	49.78095664	1792.80189
	11.49625	-0.186	110.807	5885.645	0	0.898696	49.53375056	1793.857056
	11.5175	-0.184	110.254	5889.089	0	0.898607	49.28654448	1794.906736
	11.53875	-0.182	109.703	5892.516	0	0.898518	49.04023245	1795.951234
	11.56	-0.181	109.152	5895.926	0	0.89843	48.79392043	1796.990552
	11.58125	-0.179	108.602	5899.319	0	0.898342	48.54805543	1798.024688
	11.6025	-0.177	108.053	5902.695	0	0.898255	48.30263746	1799.053642
	11.62375	-0.175	107.505	5906.053	0	0.898168	48.05766652	1800.077111
	11.645	-0.174	106.957	5909.395	0	0.898081	47.81269557	1801.095703
	11.66625	-0.172	106.411	5912.719	0	0.897995	47.56861869	1802.108808
	11.6875	-0.17	105.865	5916.027	0	0.89791	47.3245418	1803.117037
	11.70875	-0.169	105.32	5919.317	0	0.897825	47.08091194	1804.119781
	11.73	-0.167	104.775	5922.591	0	0.89774	46.83728207	1805.117647
	11.75125	-0.165	104.232	5925.847	0	0.897656	46.59454627	1806.110027
	11.7725	-0.164	103.689	5929.087	0	0.897572	46.35181046	1807.097531
	11.79375	-0.162	103.147	5932.31	0	0.897489	46.10952168	1808.079854
	11.815	-0.16	102.606	5935.515	0	0.897406	45.86767993	1809.05669
	11.83625	-0.159	102.065	5938.704	0	0.897324	45.62583818	1810.02865
	11.8575	-0.157	101.525	5941.877	0	0.897242	45.38444345	1810.995733
	11.87875	-0.156	100.986	5945.032	0	0.89716	45.14349575	1811.95733
	11.9	-0.154	100.448	5948.17	0	0.897079	44.90299508	1812.913746
	11.92125	-0.152	99.91	5951.292	0	0.896998	44.66249441	1813.865285
	11.9425	-0.151	99.374	5954.397	0	0.896918	44.4228878	1814.811643
	11.96375	-0.149	98.838	5957.485	0	0.896838	44.18328118	1815.752819
	11.985	-0.148	98.302	5960.557	0	0.896759	43.94367456	1816.689119
	12.00625	-0.146	97.768	5963.612	0	0.89668	43.704962	1817.620238
	12.0275	-0.145	97.234	5966.65	0	0.896602	43.46624944	1818.546175
	12.04875	-0.143	96.7	5969.672	0	0.896524	43.22753688	1819.467236
	12.07	-0.142	96.168	5972.677	0	0.896446	42.98971837	1820.383115
	12.09125	-0.14	95.636	5975.665	0	0.896369	42.75189987	1821.293813
	12.1125	-0.139	95.105	5978.637	0	0.896292	42.51452839	1822.199634
	12.13375	-0.137	94.574	5981.593	0	0.896216	42.27715691	1823.100579
	12.155	-0.136	94.045	5984.531	0	0.89614	42.04067948	1823.996038
	12.17625	-0.134	93.516	5987.454	0	0.896065	41.80420206	1824.886925
	12.1975	-0.133	92.987	5990.36	0	0.89599	41.56772463	1825.77263
	12.21875	-0.131	92.459	5993.249	0	0.895915	41.33169423	1826.653155
	12.24	-0.13	91.932	5996.122	0	0.895841	41.09611086	1827.528802
	12.26125	-0.129	91.406	5998.978	0	0.895767	40.86097452	1828.399269
	12.2825	-0.127	90.88	6001.819	0	0.895694	40.62583818	1829.265163
	12.30375	-0.126	90.355	6004.642	0	0.895621	40.39114886	1830.125571
	12.325	-0.124	89.831	6007.45	0	0.895548	40.15690657	1830.981408
	12.34625	-0.123	89.307	6010.241	0	0.895476	39.92266428	1831.832063
	12.3675	-0.122	88.784	6013.016	0	0.895405	39.68886902	1832.677842
	12.38875	-0.12	88.261	6015.774	0	0.895334	39.45507376	1833.51844
	12.41	-0.119	87.739	6018.516	0	0.895263	39.22172553	1834.35416
	12.43125	-0.118	87.218	6021.242	0	0.895193	38.98882432	1835.185005
	12.4525	-0.116	86.698	6023.952	0	0.895123	38.75637014	1836.010972
	12.47375	-0.115	86.178	6026.645	0	0.895053	38.52391596	1836.831759
	12.495	-0.114	85.658	6029.323	0	0.894984	38.29146178	1837.647973
	12.51625	-0.112	85.139	6031.984	0	0.894916	38.05945463	1838.459006
	12.5375	-0.111	84.621	6034.629	0	0.894847	37.8278945	1839.265163
	12.55875	-0.11	84.104	6037.258	0	0.89478	37.5967814	1840.066443
	12.58	-0.108	83.587	6039.87	0	0.894712	37.36566831	1840.862542
	12.60125	-0.107	83.07	6042.467	0	0.894645	37.13455521	1841.654069
	12.6225	-0.106	82.554	6045.047	0	0.894579	36.90388914	1842.440415
	12.64375	-0.105	82.039	6047.612	0	0.894513	36.67367009	1843.222188
	12.665	-0.103	81.525	6050.16	0	0.894447	36.44389808	1843.998781
	12.68625	-0.102	81.011	6052.693	0	0.894382	36.21412606	1844.770802
	12.7075	-0.101	80.497	6055.209	0	0.894317	35.98435405	1845.537641
	12.72875	-0.1	79.984	6057.709	0	0.894252	35.75502906	1846.299604
	12.75	-0.099	79.472	6060.194	0	0.894188	35.5261511	1847.056995
	12.77125	-0.097	78.96	6062.662	0	0.894125	35.29727313	1847.809205
	12.7925	-0.096	78.449	6065.115	0	0.894061	35.0688422	1848.556842
	12.81375	-0.095	77.938	6067.551	0	0.893999	34.84041127	1849.299299
	12.835	-0.094	77.428	6069.972	0	0.893936	34.61242736	1850.037184
	12.85625	-0.093	76.919	6072.377	0	0.893874	34.38489048	1850.770192
	12.8775	-0.091	76.41	6074.766	0	0.893813	34.1573536	1851.498324
	12.89875	-0.09	75.901	6077.139	0	0.893752	33.92981672	1852.221579
	12.92	-0.089	75.393	6079.496	0	0.893691	33.70272687	1852.939957
	12.94125	-0.088	74.886	6081.837	0	0.89363	33.47608404	1853.653459
	12.9625	-0.087	74.379	6084.163	0	0.893571	33.24944122	1854.36239
	12.98375	-0.086	73.872	6086.472	0	0.893511	33.02279839	1855.066138
	13.005	-0.085	73.367	6088.766	0	0.893452	32.79704962	1855.765315
	13.02625	-0.084	72.861	6091.045	0	0.893393	32.57085382	1856.459921
	13.0475	-0.083	72.356	6093.307	0	0.893335	32.34510505	1857.149345
	13.06875	-0.081	71.852	6095.554	0	0.893277	32.11980331	1857.834197
	13.09	-0.08	71.348	6097.785	0	0.89322	31.89450156	1858.514173
	13.11125	-0.079	70.845	6100	0	0.893163	31.66964685	1859.189272
	13.1325	-0.078	70.342	6102.2	0	0.893106	31.44479213	1859.859799
	13.15375	-0.077	69.84	6104.384	0	0.89305	31.22038444	1860.52545
	13.175	-0.076	69.338	6106.553	0	0.892994	30.99597675	1861.186528
	13.19625	-0.075	68.836	6108.705	0	0.892938	30.77156907	1861.842426
	13.2175	-0.074	68.336	6110.842	0	0.892883	30.54805543	1862.493752
	13.23875	-0.073	67.835	6112.964	0	0.892829	30.32409477	1863.140506
	13.26	-0.072	67.335	6115.07	0	0.892775	30.10058114	1863.782383
	13.28125	-0.071	66.836	6117.16	0	0.892721	29.87751453	1864.419384
	13.3025	-0.07	66.337	6119.235	0	0.892667	29.65444792	1865.051813
	13.32375	-0.069	65.838	6121.294	0	0.892614	29.43138131	1865.679366
	13.345	-0.068	65.34	6123.338	0	0.892562	29.20876173	1866.302347
	13.36625	-0.067	64.843	6125.366	0	0.89251	28.98658918	1866.920451
	13.3875	-0.066	64.345	6127.379	0	0.892458	28.7639696	1867.533984
	13.40875	-0.065	63.849	6129.376	0	0.892406	28.54224408	1868.142639
	13.43	-0.064	63.352	6131.358	0	0.892355	28.32007152	1868.746724
	13.45125	-0.063	62.856	6133.324	0	0.892305	28.098346	1869.345931
	13.4725	-0.062	62.361	6135.275	0	0.892255	27.8770675	1869.940567
	13.49375	-0.061	61.866	6137.211	0	0.892205	27.655789	1870.530631
	13.515	-0.061	61.372	6139.131	0	0.892155	27.43495753	1871.115818
	13.53625	-0.06	60.877	6141.035	0	0.892106	27.21367903	1871.696129
	13.5575	-0.059	60.384	6142.924	0	0.892058	26.99329459	1872.271868
	13.57875	-0.058	59.89	6144.798	0	0.892009	26.77246312	1872.843036
	13.6	-0.057	59.398	6146.657	0	0.891962	26.5525257	1873.409631
	13.62125	-0.056	58.905	6148.5	0	0.891914	26.33214126	1873.97135
	13.6425	-0.055	58.413	6150.328	0	0.891867	26.11220384	1874.528497
	13.66375	-0.054	57.921	6152.14	0	0.891821	25.89226643	1875.080768
	13.685	-0.053	57.43	6153.937	0	0.891774	25.67277604	1875.628467
	13.70625	-0.053	56.939	6155.719	0	0.891729	25.45328565	1876.171594
	13.7275	-0.052	56.449	6157.485	0	0.891683	25.23424229	1876.709845
	13.74875	-0.051	55.959	6159.237	0	0.891638	25.01519893	1877.243828
	13.77	-0.05	55.469	6160.973	0	0.891593	24.79615557	1877.772935
	13.79125	-0.049	54.98	6162.693	0	0.891549	24.57755923	1878.297165
	13.8125	-0.049	54.491	6164.399	0	0.891505	24.3589629	1878.817129
	13.83375	-0.048	54.002	6166.089	0	0.891462	24.14036656	1879.332216
	13.855	-0.047	53.514	6167.764	0	0.891419	23.92221726	1879.842731
	13.87625	-0.046	53.026	6169.424	0	0.891376	23.70406795	1880.348674
	13.8975	-0.045	52.539	6171.068	0	0.891334	23.48636567	1880.849741
	13.91875	-0.045	52.052	6172.698	0	0.891292	23.26866339	1881.346541
	13.94	-0.044	51.565	6174.312	0	0.89125	23.05096111	1881.838464
	13.96125	-0.043	51.079	6175.911	0	0.891209	22.83370586	1882.325815
	13.9825	-0.042	50.593	6177.495	0	0.891169	22.6164506	1882.808595
	14.00375	-0.042	50.107	6179.064	0	0.891128	22.39919535	1883.286803
	14.025	-0.041	49.622	6180.618	0	0.891088	22.18238713	1883.760439
	14.04625	-0.04	49.137	6182.156	0	0.891049	21.9655789	1884.229198
	14.0675	-0.039	48.652	6183.679	0	0.891009	21.74877068	1884.693386
	14.08875	-0.039	48.168	6185.188	0	0.890971	21.53240948	1885.153307
	14.11	-0.038	47.684	6186.681	0	0.890932	21.31604828	1885.608351
	14.13125	-0.037	47.2	6188.159	0	0.890894	21.09968708	1886.058824
	14.1525	-0.037	46.716	6189.622	0	0.890857	20.88332588	1886.504724
	14.17375	-0.036	46.233	6191.07	0	0.890819	20.66741171	1886.946053
	14.195	-0.035	45.751	6192.503	0	0.890783	20.45194457	1887.38281
	14.21625	-0.035	45.268	6193.921	0	0.890746	20.2360304	1887.814995
	14.2375	-0.034	44.786	6195.324	0	0.89071	20.02056325	1888.242609
	14.25875	-0.033	44.304	6196.712	0	0.890674	19.80509611	1888.665651
	14.28	-0.033	43.823	6198.085	0	0.890639	19.59007599	1889.084121
	14.30125	-0.032	43.342	6199.443	0	0.890604	19.37505588	1889.498019
	14.3225	-0.031	42.861	6200.786	0	0.89057	19.16003576	1889.907345
	14.34375	-0.031	42.38	6202.113	0	0.890536	18.94501565	1890.311795
	14.365	-0.03	41.9	6203.426	0	0.890502	18.73044256	1890.711978
	14.38625	-0.03	41.42	6204.724	0	0.890469	18.51586947	1891.107589
	14.4075	-0.029	40.94	6206.007	0	0.890436	18.30129638	1891.498628
	14.42875	-0.028	40.46	6207.275	0	0.890403	18.08672329	1891.885096
	14.45	-0.028	39.981	6208.528	0	0.890371	17.87259723	1892.266992
	14.47125	-0.027	39.502	6209.767	0	0.890339	17.65847117	1892.644621
	14.4925	-0.027	39.024	6210.99	0	0.890308	17.44479213	1893.017373
	14.51375	-0.026	38.545	6212.198	0	0.890276	17.23066607	1893.385553
	14.535	-0.025	38.067	6213.392	0	0.890246	17.01698704	1893.749467
	14.55625	-0.025	37.589	6214.57	0	0.890216	16.803308	1894.108504
	14.5775	-0.024	37.112	6215.734	0	0.890186	16.59007599	1894.463273
	14.59875	-0.024	36.634	6216.883	0	0.890156	16.37639696	1894.813472
	14.62	-0.023	36.157	6218.017	0	0.890127	16.16316495	1895.159098
	14.64125	-0.023	35.681	6219.136	0	0.890098	15.95037997	1895.500152
	14.6625	-0.022	35.204	6220.24	0	0.89007	15.73714797	1895.836635
	14.68375	-0.022	34.728	6221.329	0	0.890042	15.52436299	1896.168546
	14.705	-0.021	34.252	6222.404	0	0.890014	15.31157801	1896.49619
	14.72625	-0.021	33.776	6223.463	0	0.889987	15.09879303	1896.818958
	14.7475	-0.02	33.3	6224.508	0	0.88996	14.88600805	1897.137458
	14.76875	-0.02	32.825	6225.538	0	0.889934	14.67367009	1897.451387
	14.79	-0.019	32.35	6226.553	0	0.889908	14.46133214	1897.760744
	14.81125	-0.019	31.875	6227.554	0	0.889882	14.24899419	1898.065834
	14.8325	-0.018	31.4	6228.539	0	0.889857	14.03665624	1898.366047
	14.85375	-0.018	30.926	6229.51	0	0.889832	13.82476531	1898.661993
	14.875	-0.017	30.451	6230.466	0	0.889807	13.61242736	1898.953368
	14.89625	-0.017	29.977	6231.407	0	0.889783	13.40053643	1899.240171
	14.9175	-0.016	29.504	6232.334	0	0.889759	13.18909253	1899.522706
	14.93875	-0.016	29.03	6233.246	0	0.889736	12.97720161	1899.800671
	14.96	-0.015	28.557	6234.143	0	0.889713	12.76575771	1900.074063
	14.98125	-0.015	28.084	6235.025	0	0.88969	12.55431381	1900.342883
	15.0025	-0.014	27.611	6235.892	0	0.889668	12.34286992	1900.607132
	15.02375	-0.014	27.138	6236.745	0	0.889646	12.13142602	1900.867114
	15.045	-0.013	26.666	6237.583	0	0.889624	11.92042915	1901.122524
	15.06625	-0.013	26.194	6238.406	0	0.889603	11.70943228	1901.373362
	15.0875	-0.012	25.722	6239.215	0	0.889582	11.4984354	1901.619933
	15.10875	-0.012	25.25	6240.009	0	0.889562	11.28743853	1901.861932
	15.13	-0.011	24.778	6240.788	0	0.889542	11.07644166	1902.09936
	15.15125	-0.011	24.307	6241.552	0	0.889522	10.86589182	1902.332216
	15.1725	-0.011	23.836	6242.302	0	0.889503	10.65534198	1902.560805
	15.19375	-0.01	23.365	6243.037	0	0.889484	10.44479213	1902.784822
	15.215	-0.01	22.894	6243.758	0	0.889466	10.23424229	1903.004572
	15.23625	-0.009	22.423	6244.463	0	0.889447	10.02369245	1903.219445
	15.2575	-0.009	21.953	6245.154	0	0.88943	9.813589629	1903.430052
	15.27875	-0.009	21.483	6245.831	0	0.889412	9.603486813	1903.636391
	15.3	-0.008	21.012	6246.493	0	0.889395	9.392936969	1903.838159
	15.32125	-0.008	20.543	6247.14	0	0.889379	9.18328118	1904.035355
	15.3425	-0.008	20.073	6247.772	0	0.889362	8.973178364	1904.227979
	15.36375	-0.007	19.603	6248.39	0	0.889347	8.763075548	1904.416336
	15.385	-0.007	19.134	6248.993	0	0.889331	8.553419759	1904.600122
	15.40625	-0.007	18.665	6249.582	0	0.889316	8.34376397	1904.77964
	15.4275	-0.006	18.196	6250.156	0	0.889301	8.134108181	1904.954587
	15.44875	-0.006	17.727	6250.715	0	0.889287	7.924452392	1905.124962
	15.47	-0.006	17.258	6251.26	0	0.889273	7.714796603	1905.29107
	15.49125	-0.005	16.789	6251.79	0	0.889259	7.505140814	1905.452606
	15.5125	-0.005	16.321	6252.306	0	0.889246	7.295932052	1905.609875
	15.53375	-0.005	15.852	6252.807	0	0.889233	7.086276263	1905.762572
	15.555	-0.004	15.384	6253.293	0	0.889221	6.877067501	1905.910698
	15.57625	-0.004	14.916	6253.765	0	0.889208	6.667858739	1906.054557
	15.5975	-0.004	14.448	6254.222	0	0.889197	6.458649978	1906.193843
	15.61875	-0.004	13.98	6254.664	0	0.889185	6.249441216	1906.328558
	15.64	-0.003	13.512	6255.092	0	0.889174	6.040232454	1906.459006
	15.66125	-0.003	13.044	6255.506	0	0.889164	5.831023692	1906.585187
	15.6825	-0.003	12.577	6255.905	0	0.889153	5.622261958	1906.706797
	15.70375	-0.003	12.109	6256.289	0	0.889144	5.413053196	1906.823834
	15.725	-0.003	11.642	6256.659	0	0.889134	5.204291462	1906.936605
	15.74625	-0.002	11.175	6257.014	0	0.889125	4.995529727	1907.044803
	15.7675	-0.002	10.707	6257.354	0	0.889116	4.786320966	1907.14843
	15.78875	-0.002	10.24	6257.68	0	0.889108	4.577559231	1907.24779
	15.81	-0.002	9.773	6257.992	0	0.8891	4.368797497	1907.342883
	15.83125	-0.002	9.306	6258.289	0	0.889092	4.160035762	1907.433404
	15.8525	-0.002	8.839	6258.571	0	0.889085	3.951274028	1907.519354
	15.87375	-0.001	8.373	6258.839	0	0.889078	3.742959321	1907.601036
	15.895	-0.001	7.906	6259.092	0	0.889071	3.534197586	1907.678147
	15.91625	-0.001	7.439	6259.331	0	0.889065	3.325435852	1907.750991
	15.9375	-0.001	6.973	6259.555	0	0.88906	3.117121144	1907.819262
	15.95875	-0.001	6.506	6259.764	0	0.889054	2.90835941	1907.882963
	15.98	-0.001	6.04	6259.96	0	0.889049	2.700044703	1907.9427
	16.00125	-0.001	5.573	6260.14	0	0.889044	2.491282968	1907.997562
	16.0225	-0.001	5.107	6260.306	0	0.88904	2.282968261	1908.048156
